    5  680
        1.1273792303        0.2517983943        0.3688190344
        0.5467909186        0.0000000000        0.0000000000
        0.0000000000       -0.2025837538       -0.1081281970
        0.0000000000       -1.0925382246        0.0089150010
        0.1183538793        0.0000000000        0.0000000000
        0.1384017034        1.1085603321       -0.0406693547
        0.0000000000       -0.9614606382        0.0276473369
        0.1160938285        0.0397132573        0.0000000000
        0.0000000000       -0.0300516792       -0.0560121989
       -0.1099713721        0.0000000000        0.1822261357
       -0.0965971857        0.0075241603        0.0000000000
       -0.6665820347        1.2152205653        0.0000000000
        0.0000000000        0.0000000000        0.1154027501
        0.0076023235        0.0000000000        0.0000000000
        0.0000000000       -0.1171316904        0.0000000000
        0.0000000000        0.0000000000        0.0172421098
        0.0000000000        0.0000000000       -0.1327187881
       -0.0211769983        0.0000000000        0.1363988082
       -0.1293935147        0.0000000000       -0.0192116040
       -0.2776727836       -0.4670170010        0.0000000000
        0.0000000000        0.0520617325       -0.0156462600
        0.0365451083        0.0000000000       -0.0130039252
        0.0386238010       -0.0094608328        0.0000000000
       -0.3089102656        0.7810246555        0.0000000000
        0.0000000000        0.0016328340        0.0000000000
        0.0000000000       -0.0753502189        0.0345323389
        0.2475818521        0.0000000000        0.0320089467
        0.2787353168        0.0000000000       -0.0964145069
       -0.2862207904       -0.4838378161       -0.5606288608
        0.0000000000        0.0000000000        0.1317107093
        0.0465592202       -0.0052253373        0.0000000000
       -0.3192048791       -0.0186713317       -0.0548619735
        0.0000000000        0.7869344777       -1.0973144124
        0.0000000000        0.0000000000       -0.0228422317
        0.0000000000        0.0000000000        0.1884951760
        0.2450096981        0.4809583606        0.0000000000
        0.2779156673       -0.7695716364        0.0000000000
       -0.6448454704        0.5011488472        0.6116117700
        0.0000000000       -0.7814136480        1.1477201991
        0.0000000000        0.3513195408       -1.4855074700
        0.0000000000        0.0000000000        0.0000000000
        0.0705446480        0.0916462911        0.0000000000
        0.0000000000        0.0000000000       -0.0180687214
        0.0000000000        0.0000000000        0.0000000000
        0.0140696483        0.0000000000        0.0000000000
        0.0270858882        0.0144569750        0.0000000000
       -0.1059104315        0.1597437477        0.0000000000
        0.0000000000        0.0000000000       -0.0508659720
        0.0000000000        0.0000000000        0.0737707293
        0.0000000000        0.0000000000        0.0000000000
       -0.1069101311        0.0000000000        0.0000000000
       -0.1768981740        0.0000000000        0.0000000000
       -0.0914600047       -0.0984774568        0.0000000000
        0.1146662237       -0.1675104294        0.0000000000
       -0.0315869174        0.1853364056        0.0000000000
       -0.0240620780        0.0135284064        0.0019749978
        0.0000000000        0.0000000000        0.0071063277
        0.0036943526       -0.0020155955        0.0000000000
       -0.1311005981       -0.0095483595        0.0070463456
        0.0000000000        0.1774471918       -0.0371734152
        0.0000000000        0.0000000000        0.0006163821
        0.0000000000        0.0000000000        0.0744048600
       -0.0032693672        0.0015209101        0.0000000000
        0.0005153196       -0.0026764621        0.0000000000
       -0.0002647745       -0.0013546101       -0.0034620828
        0.0000000000       -0.0047359919        0.0004356054
        0.0000000000        0.0132284317       -0.0133178408
        0.0000000000        0.0000000000        0.0004549584
        0.0000000000        0.0000000000        0.0024498066
        0.0000000000        0.0000000000        0.0035536447
        0.0236686933       -0.0131087629        0.0000000000
        0.1263708733       -0.1644770429        0.0000000000
        0.0040160982       -0.0087590570        0.0000000000
       -0.1542743671        0.0046958831        0.0095190305
       -0.0063875433        0.0000000000        0.0000000000
        0.0012745323        0.0018140614       -0.0034310370
        0.0000000000        0.1720800638       -0.0031772261
        0.0092401538        0.0000000000       -0.0201876469
       -0.0925721852        0.0000000000        0.0000000000
       -0.0028983458        0.0000000000        0.0000000000
       -0.0440339600       -0.0043480115       -0.0007761261
        0.0000000000       -0.0045743278       -0.0054456428
        0.0000000000        0.0209613978       -0.0013348348
       -0.0005047531        0.0000000000        0.0022392033
        0.0003249147        0.0000000000       -0.0188820181
        0.0077965999        0.0000000000        0.0000000000
       -0.0009310071        0.0000000000        0.0000000000
        0.0014931772        0.0000000000        0.0000000000
       -0.0056721683       -0.0027914160       -0.0055862814
        0.0000000000       -0.1704843535        0.0302088744
        0.0000000000       -0.0119725935        0.0167505925
        0.0000000000        0.1861385309       -0.0045531122
       -0.0020137044        0.0000000000        0.0211042301
        0.0838968675        0.0000000000        0.0250223115
       -0.0075662974        0.0000000000       -0.0418939252
       -0.0745510086        0.0000000000        0.0000000000
        0.0000000000        0.0106878072        0.0000001683
        0.0000000000        0.0000000000        0.0000000000
       -0.0025739084        0.0000000000        0.0000000000
        0.0000000000       -0.0018568203        0.0000000000
        0.0000000000       -0.0079184009       -0.0013811799
        0.0000000000        0.0927277223       -0.0587691341
        0.0000000000        0.0000000000        0.0000000000
        0.0001466005        0.0000000000        0.0000000000
       -0.0040245508        0.0000000000        0.0000000000
        0.0000000000       -0.0008533571        0.0000000000
        0.0000000000        0.0164291437        0.0000000000
        0.0000000000       -0.0006159701       -0.0018158541
        0.0000000000       -0.0020966177        0.0061844676
        0.0000000000        0.0058994194       -0.0112755286
        0.0000000000        0.0000000000        0.0000000000
       -0.0078503642        0.0000000000        0.0000000000
       -0.0792325933        0.0000000000        0.0000000000
       -0.0056866641        0.0000000000        0.0000000000
        0.0000000000        0.0028292174        0.0000000000
        0.0000000000        0.0436102727        0.0000000000
        0.0000000000        0.0064612796        0.0000000000
        0.0000000000       -0.0025804003        0.0029689755
        0.0000000000       -0.0882455904        0.0529935538
        0.0000000000       -0.0033292749       -0.0036509152
        0.0000000000        0.0938098311       -0.0525348421
        0.0000000000        0.0084326763        0.0034309820
       -0.0221309105        0.0000000000        0.0000000000
        0.0050139902       -0.0040702001       -0.0027751590
        0.0000000000       -0.0029951706       -0.0007105796
       -0.0037079693        0.0000000000        0.0052491370
        0.0193279801        0.0000000000        0.0000000000
       -0.0005202757        0.0000000000        0.0000000000
       -0.0027346612        0.0035948922       -0.0079750869
        0.0000000000       -0.0038740811       -0.0057723901
        0.0000000000        0.0301379959       -0.0039935178
        0.0115668756        0.0000000000       -0.0005340166
        0.0008728850        0.0000000000        0.1086916732
       -0.0577368992        0.0000000000        0.0000000000
       -0.0020649130        0.0000000000        0.0000000000
        0.0026040074        0.0000000000        0.0000000000
        0.0048270537       -0.0000316007        0.0000750419
        0.0000000000        0.0005200526       -0.0007453273
        0.0000000000       -0.0009972761        0.0016212272
        0.0000000000        0.0002187023        0.0006294830
        0.0002744140        0.0000000000        0.0011645562
       -0.0013983586        0.0000000000       -0.0000664650
        0.0012270570        0.0000000000       -0.0008901680
        0.0003204957        0.0000000000        0.0000000000
       -0.0004101351        0.0000000000        0.0000000000
       -0.0015521773        0.0000000000        0.0000000000
        0.0024998325        0.0000000000        0.0000000000
        0.0003454346       -0.0079257677        0.0072442220
        0.0000000000        0.0104193993        0.0019791600
        0.0000000000       -0.0288615308       -0.1057853661
        0.0000000000        0.0002901218       -0.0008374063
        0.0000000000        0.0260777773        0.0020791762
       -0.0105940774       -0.0194877719        0.0000000000
        0.0000000000        0.0051946346       -0.0012760837
        0.0002738670        0.0000000000        0.0055680343
        0.0023519150       -0.0016155979        0.0000000000
        0.0098065760       -0.0328581280        0.0000000000
        0.0000000000        0.0008961443        0.0000000000
        0.0000000000        0.0061092972       -0.0016127040
       -0.0037044007        0.0000000000       -0.0009761822
        0.0034534564        0.0000000000        0.0975669037
        0.0026951353        0.0043838173        0.0000000000
       -0.0025346957        0.0041312720        0.0000000000
       -0.0438242469       -0.2816210991        0.0000000000
        0.0000000000        0.0021251988        0.0000000000
        0.0000000000        0.0012042741        0.0000000000
        0.0000000000        0.0863236489        0.0001659792
        0.0000270208        0.0000000000       -0.0002112509
       -0.0005174102        0.0000000000       -0.0001002862
       -0.0004062743        0.0000000000        0.0002063318
       -0.0004538575       -0.0003341531        0.0000000000
        0.0002752504       -0.0008897509        0.0000000000
        0.0000814754       -0.0000504642        0.0000000000
        0.0005207398        0.0002341429        0.0000000000
        0.0000000000       -0.0001192082        0.0000000000
        0.0000000000        0.0001108976        0.0000000000
        0.0000000000        0.0004456354        0.0000000000
        0.0000000000        0.0002232280        0.0006436324
        0.0139975903        0.0000000000       -0.0031045176
       -0.0150945372        0.0000000000       -0.0948777313
        0.0440700816        0.0000000000       -0.0000607739
       -0.0004236082        0.0000000000        0.0973993904
        0.0060008846        0.0170537055        0.0000000000
       -0.0078209978        0.0312322047        0.0000000000
        0.0439937158        0.2731564740        0.0000000000
        0.0003759240        0.0010402252        0.0000000000
       -0.0425495266       -0.3224826095        0.0000000000
        0.0000000000        0.0000000000        0.0059485484
        0.0088794141        0.0000000000        0.0000000000
        0.0000000000       -0.0006273833        0.0000000000
        0.0000000000        0.0000000000        0.0005967414
        0.0000000000        0.0000000000       -0.0018514493
        0.0004988797        0.0000000000       -0.0060844087
        0.0111767914        0.0000000000        0.0000000000
        0.0000000000       -0.0029751949        0.0000000000
        0.0000000000        0.0039712065        0.0000000000
        0.0000000000        0.0000000000       -0.0011049894
        0.0000000000        0.0000000000       -0.0051839140
        0.0000000000        0.0000000000       -0.0055545614
       -0.0058099551        0.0000000000        0.0114095469
       -0.0124874343        0.0000000000        0.0027827407
        0.1097474280        0.0000000000        0.0000000000
        0.0000000000       -0.0003273039        0.0000000000
        0.0000000000        0.0017615445        0.0000000000
        0.0000000000       -0.0007717457        0.0000000000
        0.0000000000        0.0000000000       -0.0002743967
        0.0000000000        0.0000000000        0.0018288560
        0.0000000000        0.0000000000       -0.0013512814
        0.0000000000        0.0000000000        0.0004269641
        0.0002278902        0.0000000000        0.0001883941
        0.0014479331        0.0000000000        0.0013078059
       -0.0006493428        0.0000000000       -0.0010402095
       -0.0003659276        0.0000000000        0.0000000000
        0.0000000000       -0.0020186663        0.0000000000
        0.0000000000        0.0022031069        0.0000000000
        0.0000000000       -0.0078659805        0.0000000000
        0.0000000000       -0.0008829546        0.0000000000
        0.0000000000        0.0000000000       -0.0080967694
        0.0000000000        0.0000000000       -0.0083206131
        0.0000000000        0.0000000000       -0.0900987572
        0.0000000000        0.0000000000       -0.0006605529
        0.0000000000        0.0000000000        0.0010304982
       -0.0037962290        0.0000000000       -0.0048861489
       -0.0007340315        0.0000000000       -0.0050865583
       -0.1028091819        0.0000000000        0.0003777146
        0.0001627497        0.0000000000        0.0085644945
        0.1071766927        0.0000000000
