    5   30
        0.4888595297        0.1741006551        0.0000000000
       -0.3758263075        0.0607840046        0.0000000000
       -0.0948278150       -0.2292022803        0.0000000000
       -0.0208243596        0.0028844617        0.0000000000
        0.0026189524       -0.0085668412        0.0000000000
        0.1741006551        0.2555984401        0.0000000000
       -0.0409605575        0.0179960869        0.0000000000
       -0.1274577182       -0.2630024056        0.0000000000
        0.0071379030        0.0064255953        0.0000000000
       -0.0128202825       -0.0170177168        0.0000000000
        0.0000000000        0.0000000000        0.0112926964
        0.0000000000        0.0000000000       -0.0180373228
        0.0000000000        0.0000000000       -0.0180373229
        0.0000000000        0.0000000000        0.0123909746
        0.0000000000        0.0000000000        0.0123909746
       -0.3758263075       -0.0409605575        0.0000000000
        0.7074132550       -0.3531887549        0.0000000000
       -0.1404757943        0.3089314269        0.0000000000
       -0.1928349851        0.0803768842        0.0000000000
        0.0017238319        0.0048410013        0.0000000000
        0.0607840046        0.0179960869        0.0000000000
       -0.3531887549        0.5575059570        0.0000000000
        0.1870278141       -0.4727203595        0.0000000000
        0.0886851327       -0.0785438594        0.0000000000
        0.0166918035       -0.0242378251        0.0000000000
        0.0000000000        0.0000000000       -0.0180373228
        0.0000000000        0.0000000000        0.0937726279
        0.0000000000        0.0000000000       -0.0361521974
        0.0000000000        0.0000000000       -0.0479986600
        0.0000000000        0.0000000000        0.0084155524
       -0.0948278150       -0.1274577182        0.0000000000
       -0.1404757943        0.1870278141        0.0000000000
        0.2773162116       -0.0650654710        0.0000000000
       -0.0062393144        0.0220263387        0.0000000000
       -0.0357732880       -0.0165309637        0.0000000000
       -0.2292022803       -0.2630024056        0.0000000000
        0.3089314269       -0.4727203595        0.0000000000
       -0.0650654710        0.9876030003        0.0000000000
        0.0101755366       -0.0162746788        0.0000000000
       -0.0248392122       -0.2356055565        0.0000000000
        0.0000000000        0.0000000000       -0.0180373229
        0.0000000000        0.0000000000       -0.0361521974
        0.0000000000        0.0000000000        0.0937726280
        0.0000000000        0.0000000000        0.0084155524
        0.0000000000        0.0000000000       -0.0479986601
       -0.0208243596        0.0071379030        0.0000000000
       -0.1928349851        0.0886851327        0.0000000000
       -0.0062393144        0.0101755366        0.0000000000
        0.2189372808       -0.1068528581        0.0000000000
        0.0009613782        0.0008542857        0.0000000000
        0.0028844617        0.0064255953        0.0000000000
        0.0803768842       -0.0785438594        0.0000000000
        0.0220263387       -0.0162746788        0.0000000000
       -0.1068528581        0.0890523676        0.0000000000
        0.0015651734       -0.0006594246        0.0000000000
        0.0000000000        0.0000000000        0.0123909746
        0.0000000000        0.0000000000       -0.0479986600
        0.0000000000        0.0000000000        0.0084155524
        0.0000000000        0.0000000000        0.0258437773
        0.0000000000        0.0000000000        0.0013483558
        0.0026189524       -0.0128202825        0.0000000000
        0.0017238319        0.0166918035        0.0000000000
       -0.0357732880       -0.0248392122        0.0000000000
        0.0009613782        0.0015651734        0.0000000000
        0.0304691254        0.0194025178        0.0000000000
       -0.0085668412       -0.0170177168        0.0000000000
        0.0048410013       -0.0242378251        0.0000000000
       -0.0165309637       -0.2356055565        0.0000000000
        0.0008542857       -0.0006594246        0.0000000000
        0.0194025178        0.2775205230        0.0000000000
        0.0000000000        0.0000000000        0.0123909746
        0.0000000000        0.0000000000        0.0084155524
        0.0000000000        0.0000000000       -0.0479986601
        0.0000000000        0.0000000000        0.0013483558
        0.0000000000        0.0000000000        0.0258437773
