    5 3060
        2.4531506548       -0.0168869890        0.2262451117
        1.1869558389        0.8854854753        0.0000000000
        0.0000000000        0.0000000000        0.0000000000
       -0.6083148401       -0.2436376887       -0.2818876209
        0.0000000000        0.0000000000        0.2786727795
       -2.8217274090        0.0583860773        0.5219682659
       -0.0460242871        0.0000000000        0.0000000000
        0.0000000000        0.4930251325        0.0039414744
        0.0000000000        2.8706708811       -0.0435380285
       -0.5866290378        0.0000000000        0.0000000000
       -0.4888947989       -2.8582931762       -0.0510473180
        0.0000000000        1.7978368658        0.1073321772
        0.4966173765        0.0200711460       -0.0650861133
        0.0000000000        0.0000000000        0.0000000000
       -0.0227054083       -0.0559111291        0.0000000000
       -0.0830417130       -0.4914441446        0.0417797107
        0.0000000000        0.0000000000        0.0229705593
        0.0857812250        0.5036293416        0.0000000000
        0.0463042691       -0.5471664507        0.0331330541
        0.0186027273        0.0000000000        0.0000000000
        0.0388408180        0.5233158429       -0.0913706334
        0.0000000000        0.2644974930       -0.0401675762
       -0.0001436324        0.0000000000       -1.7041492582
        1.5476006674        0.0000000000        0.0000000000
        0.0000000000        0.0000000000        0.4798931098
       -0.0015877972       -0.0455356898        0.0000000000
        0.0000000000       -0.1294603354        0.0000000000
        0.0000000000        0.0000000000       -0.4897189891
        0.0045829444        0.0000000000        0.0000000000
        0.0000000000        0.5023963142        0.0000000000
        0.0000000000        0.0000000000        0.0000000000
        0.0240997016        0.0354427744        0.0000000000
        0.0000000000        0.0000000000       -0.0172681746
        0.0000000000        0.0000000000        0.0000000000
       -0.0241144896        0.0000000000        0.0000000000
       -0.4963582752       -0.0048680220        0.0294552292
        0.0000000000        0.0000000000        0.1259203239
        0.5142182356        0.0037391830        0.0000000000
       -0.8422856916       -0.0444194423       -0.0344010472
        0.0000000000        0.5371620026       -0.6668060662
        0.0000000000        0.0000000000       -0.1128624414
        0.0000000000        0.0000000000        0.3879679427
        0.3965805602       -0.0673098649       -0.7464653211
       -1.1115134384        0.0000000000        0.0000000000
        0.0000000000        0.1054506491        0.2369318865
        0.0000000000       -0.0485528738       -0.0150420890
        0.0619812358        0.0000000000        0.0000000000
       -0.0036041343       -0.0127823278        0.0866913651
        0.0000000000        0.7120045971       -0.0269481402
       -0.0022183343       -0.0845222544        0.0000000000
        0.0000000000       -0.0044455909        0.0022662604
       -0.0121895414        0.0000000000       -0.2452116303
        0.0216727116        0.0829132330        0.0000000000
       -0.7772148492        1.9268357864        0.0000000000
        0.0000000000        0.0000000000        0.0115724411
       -0.0067094125        0.0000000000        0.0000000000
        0.0000000000       -0.0075449965        0.0000000000
        0.0000000000        0.0000000000        0.0029840367
        0.0000000000        0.0000000000       -0.0164111861
        0.0123498639        0.0000000000        0.1485914632
       -0.3733270685        0.0000000000       -0.3668500530
        0.0918920643        0.6713584430        0.0000000000
        0.0000000000       -0.1033872882        0.0711398962
       -0.0734697465        0.0000000000       -0.6945442511
        0.0339268532        0.0135371872        0.0000000000
        0.2302869889        0.7457005961        0.0000000000
        0.0000000000       -0.0097292069        0.0000000000
        0.0000000000       -0.1323698677        0.3136262636
       -0.0252957228        0.0000000000        0.6334069604
       -0.2526024656        0.0000000000       -0.8999375757
       -0.1046489196       -0.7288900257       -1.1892159167
       -0.7894530934        0.0000000000        0.0000000000
        0.0000000000        0.2635787692        0.3316633543
        0.0000000000        0.0253915431       -0.0318440150
        0.0075100914        0.0000000000        0.0000000000
       -0.0269990001       -0.0383803755        0.0799730593
        0.0000000000       -0.1592295508        0.0428705249
       -0.0527698719        0.0231912823        0.0000000000
        0.0000000000        0.0174606903       -0.0245617570
        0.0386355327        0.0000000000       -0.7879858994
        0.0000250737        0.0160512568        0.0000000000
        2.0031201197       -1.7541249102        0.0000000000
        0.0000000000        0.0000000000       -0.0177825997
        0.0102502312        0.0000000000        0.0000000000
        0.0000000000        0.0157149923        0.0000000000
        0.0000000000        0.0000000000       -0.0053001400
        0.0000000000        0.0000000000        0.0412092781
        0.0088678485        0.0000000000       -0.4249477294
        0.6496036634        0.0000000000        0.0918496975
        0.7535727660        1.1929836264        0.0000000000
        0.0000000000       -0.2352820643        0.0120108149
       -0.0452449642        0.0000000000        0.1928329452
       -0.0210321193        0.0171768193        0.0000000000
        0.8148836368       -2.0162067525        0.0000000000
        0.0000000000        0.0007369833        0.0000000000
        0.0000000000        0.3679042328       -0.1212279224
       -0.6870595633        0.0000000000       -0.1832751094
       -0.7784829057        0.0000000000        0.2096003484
        0.6848798898        1.2411763343        0.7660898402
        0.0000000000        0.0000000000       -0.3466666925
        0.0585827986       -0.0458314785        0.0000000000
        0.7170340853        0.0547318216       -0.0383451821
        0.0000000000       -2.0344570158        1.7355581129
        0.0000000000        0.0000000000       -0.0091670649
        0.0000000000        0.0000000000       -0.6535828174
       -0.7341426463       -1.2115936922        0.0000000000
       -0.7780969075        1.9874703049        0.0000000000
        1.2563926202       -1.3036930928       -0.7239156781
        0.0000000000        2.0804093614       -1.6841482088
        0.0000000000       -0.7246717301        2.2615848544
        0.0000000000        0.0000000000        0.0000000000
        0.0000000000        0.1157523925        0.2423511483
        0.3186050274        0.0000000000        0.0000000000
       -0.1294603353        0.0000000000        0.0000000000
        0.0000000000       -0.0006651685       -0.0095845887
        0.0000000000        0.0000000000        0.0000000000
       -0.0086596398        0.0000000000        0.0000000000
        0.0000000000        0.0000000000        0.0014885984
        0.0224878408        0.0000000000        0.0000000000
        0.0000000000        0.0000204772        0.0000000000
        0.0000000000        0.0000000000       -0.0102366320
        0.0000000000        0.0000000000        0.0212482167
        0.0085808359        0.0097515619        0.0000000000
        0.0000000000       -0.0044331120       -0.0238294503
       -0.0057107400        0.0000000000        0.1565677133
        0.0110678576        0.0051393464        0.0000000000
       -0.3874371354        0.6466954382        0.0000000000
        0.0000000000        0.0015494599        0.0000000000
        0.0000000000       -0.1907379001        0.0000000000
        0.0000000000        0.0000000000       -0.1139682759
       -0.2276168145        0.0000000000        0.0000000000
        0.0000000000        0.0026508190        0.0000000000
        0.0000000000        0.0000000000       -0.0038461702
        0.0000000000        0.0000000000       -0.0013569074
       -0.0039865655        0.0000000000       -0.1272191623
        0.3731462788        0.0000000000        0.0000000000
        0.0000000000        0.1230077193        0.0000000000
        0.0000000000        0.1365763788        0.0000000000
        0.0000000000        0.0000000000        0.0000000000
       -0.2471335716       -0.3403079387        0.0000000000
        0.0000000000        0.0000000000        0.0088847853
        0.0000000000        0.0000000000        0.0000000000
       -0.0154959555        0.0000000000        0.0000000000
       -0.0207651631       -0.0173331966        0.0000000000
        0.3999272687       -0.6451034226        0.0000000000
        0.0000000000        0.0000000000        0.2368853691
        0.0000000000        0.0000000000       -0.3740448812
        0.0000000000        0.0000000000        0.0000000000
        0.3552741048        0.0000000000        0.0000000000
        0.6666867728        0.0000000000        0.0000000000
       -0.1379222867       -0.2449853527       -0.3289807592
        0.0000000000        0.0000000000        0.1259203235
        0.0258028737        0.0129299544        0.0000000000
       -0.1518986256       -0.0159294597       -0.0333462114
        0.0000000000        0.3809866055       -0.6340540594
        0.0000000000        0.0000000000        0.0015494599
        0.0000000000        0.0000000000        0.1987535199
        0.1167285599        0.2218600692        0.0000000000
        0.1252927665       -0.3577192028        0.0000000000
       -0.2244012283        0.2700186944        0.3630886281
        0.0000000000       -0.4093398635        0.6729023602
        0.0000000000        0.1232393701       -1.2846905283
        0.0000000000        0.0000000000       -0.1128624405
        0.0000000000        0.0000000000       -0.1907379000
        0.0000000000        0.0000000000        0.3879679402
       -0.0220641073        0.0181012670        0.0104941939
       -0.0121433776        0.0000000000        0.0000000000
        0.0000000000        0.0086094520       -0.0027965627
        0.0000000000        0.0027352984        0.0008049540
        0.0013903602        0.0000000000        0.0000000000
       -0.0000717998       -0.0064652326        0.0121821145
        0.0000000000        0.3693728916        0.0003427351
       -0.0052669376        0.0123241536        0.0000000000
        0.0000000000        0.0030178334       -0.0087129257
        0.0006319388        0.0000000000        0.1332713688
        0.0038763247       -0.0183547399        0.0000000000
       -0.0124074409       -0.1932656884        0.0000000000
        0.0000000000        0.0000000000       -0.0010176263
        0.0013069989        0.0000000000        0.0000000000
        0.0000000000       -0.0040658075        0.0000000000
        0.0000000000        0.0000000000       -0.0092163096
        0.0000000000        0.0000000000        0.0001108719
       -0.0098214362        0.0000000000        0.1766792791
       -0.1127004189        0.0000000000       -0.0006483936
       -0.0041164909       -0.0025177430        0.0000000000
        0.0000000000        0.0006320075       -0.0020847300
       -0.0069811301        0.0000000000       -0.0277019576
        0.0032817118       -0.0031952756        0.0000000000
       -0.0035646477       -0.0049487381        0.0000000000
        0.0000000000        0.0004220642        0.0000000000
        0.0000000000       -0.0006724282        0.0005402951
        0.0055547753        0.0000000000        0.0164157651
        0.0034150039        0.0000000000       -0.0013253344
       -0.0091304765       -0.0017492422       -0.0013794404
        0.0000000000        0.0000000000       -0.0000287422
        0.0043143676        0.0000089356        0.0000000000
       -0.0068797450        0.0033850820        0.0030417639
        0.0000000000       -0.0063023015        0.0007984535
        0.0000000000        0.0000000000        0.0035766130
        0.0000000000        0.0000000000        0.0111961790
        0.0012854138        0.0027969234        0.0000000000
        0.0017089394        0.0040544064        0.0000000000
        0.0026520998        0.0005573204       -0.0018929506
        0.0000000000        0.0031847063       -0.0048358767
        0.0000000000       -0.0224837201        0.0211768943
        0.0000000000        0.0000000000        0.0000000000
        0.0015153394       -0.0010959389        0.0000000000
        0.0000000000        0.0000000000        0.0005957009
        0.0000000000        0.0000000000        0.0000000000
        0.0030194162        0.0000000000        0.0000000000
       -0.0016298288        0.0033845633        0.0000000000
        0.0008438803       -0.0006784931        0.0000000000
        0.0000000000        0.0000000000        0.0000321168
        0.0000000000        0.0000000000       -0.0012106546
        0.0000000000        0.0000000000        0.0000000000
       -0.0013893550        0.0000000000        0.0000000000
       -0.0046418411        0.0000000000        0.0000000000
       -0.0001135057       -0.0008909392        0.0000000000
       -0.0008343399       -0.0009344072        0.0000000000
        0.0032562602       -0.0034497588        0.0000000000
        0.0201146788       -0.0145381537       -0.0095010585
        0.0000000000        0.0000000000       -0.0089387981
        0.0059326521       -0.0066932647        0.0000000000
       -0.3360300685        0.0045289431        0.0072913167
        0.0000000000       -0.1217470743        0.0144179874
        0.0000000000        0.0000000000        0.0046457058
        0.0000000000        0.0000000000       -0.1751251457
        0.0012764794        0.0056483675        0.0000000000
        0.0142005779       -0.0023163258        0.0000000000
       -0.0150827460        0.0033250374       -0.0008518313
        0.0000000000        0.0011203043       -0.0003241267
        0.0000000000       -0.0061764981        0.0167477632
        0.0000000000        0.0000000000       -0.0022619750
        0.0000000000        0.0000000000        0.0009836250
        0.0000000000        0.0000000000       -0.0024196013
       -0.0270854733        0.0158346840        0.0000000000
        0.3156057932        0.1199444832        0.0000000000
       -0.0001907713        0.0017054021        0.0000000000
       -0.2882920436       -0.0081934168       -0.0013141514
       -0.0058012317       -0.0144512319        0.0000000000
        0.0000000000        0.0000000000        0.0006171100
       -0.0006222250        0.0000000000        0.0064171004
        0.0056304155        0.0009819737        0.0000000000
        0.0000000000       -0.0006120787       -0.0034274546
        0.0004233418        0.0000000000        0.1643397981
        0.0113587269       -0.0010304262        0.0242198734
        0.0000000000        0.0000000000       -0.0002628076
       -0.0096568312        0.0130736569        0.0000000000
        0.0162541212        0.0056413155       -0.0376586370
        0.0000000000       -0.2286500000        0.2437489066
        0.0000000000        0.0000000000        0.0000000000
       -0.0051368123       -0.0007941930        0.0000000000
        0.0000000000        0.0000000000       -0.0023763880
        0.0000000000        0.0000000000        0.0000000000
       -0.0073924367        0.0000000000        0.0000000000
        0.0080003516       -0.0053429563        0.0000000000
       -0.1128115489        0.0415377388        0.0000000000
        0.0100006568       -0.0016000764        0.0035521077
        0.0000000000        0.0000000000        0.0004348193
       -0.0063559466       -0.0048828018        0.0000000000
       -0.0262959772        0.0011010337       -0.0158275582
        0.0000000000       -0.0245032051        0.0120633467
        0.0000000000        0.0000000000        0.0031067999
        0.0000000000        0.0000000000       -0.0048562252
       -0.0036967170        0.0048642355        0.0000000000
        0.0264133888        0.0195094111        0.0000000000
       -0.0122468152       -0.0012240954        0.0007966518
       -0.0020544359        0.0000000000        0.0000000000
       -0.0012139786       -0.0003930927       -0.0041218925
        0.0000000000       -0.0090915859        0.0025872710
       -0.0026802654        0.0000000000       -0.0078205751
       -0.0019424709        0.0000000000        0.0000000000
        0.0041393940        0.0000000000        0.0000000000
       -0.0015732804        0.0034390615        0.0030290532
        0.0000000000        0.0067693708        0.0064405724
        0.0000000000       -0.0275482461       -0.0041832716
        0.0049611562        0.0000000000        0.0097078865
        0.0032326886        0.0000000000        0.0059947396
       -0.0012310113        0.0000000000        0.0000000000
        0.0000000000        0.0009038199       -0.0016073977
        0.0000000000        0.0000000000        0.0000000000
        0.0008918347        0.0000000000        0.0000000000
        0.0000000000        0.0047615769        0.0000000000
        0.0000000000        0.0025537329        0.0048200434
        0.0000000000       -0.0055891108       -0.0060166694
        0.0000000000        0.0000000000        0.0000000000
       -0.0013352350        0.0000000000        0.0000000000
        0.0004499335        0.0000000000        0.0000000000
        0.0000000000        0.0002656541        0.0000000000
        0.0000000000       -0.0058670190        0.0000000000
        0.0000000000       -0.0023683625       -0.0000252147
        0.0000000000        0.0057744353       -0.0016190553
        0.0000000000       -0.0070229244        0.0096061646
        0.0000000000       -0.0088072868       -0.0033199262
        0.0014493248        0.0000000000        0.0000000000
       -0.0000404199        0.0035867084       -0.0016787860
        0.0000000000       -0.1378745960       -0.0025242121
        0.0027011595        0.0000000000        0.0181780592
        0.2113329965        0.0000000000        0.0000000000
        0.0042469138        0.0000000000        0.0000000000
        0.1105907390       -0.0007303968        0.0025878016
        0.0000000000        0.0086896756        0.0044662673
        0.0000000000       -0.0115309095       -0.0015164094
        0.0004105002        0.0000000000        0.0023626336
        0.0006225571        0.0000000000        0.0153746496
       -0.0122840140        0.0000000000        0.0000000000
       -0.0005508029        0.0000000000        0.0000000000
        0.0017009361        0.0000000000        0.0000000000
        0.0052795829        0.0064304401        0.0027810066
        0.0000000000        0.1265816478       -0.0209664815
        0.0000000000        0.0031840738       -0.0155308207
        0.0000000000       -0.1368992280       -0.0085662772
        0.0065413537       -0.0082037501        0.0000000000
        0.0000000000        0.0019603951        0.0039500009
       -0.0105252599        0.0000000000       -0.0079597565
       -0.0073321313        0.0165218546        0.0000000000
        0.2248961518       -0.2048075119        0.0000000000
        0.0000000000        0.0040464326        0.0000000000
        0.0000000000       -0.0353542211       -0.0031385256
        0.0089587301        0.0000000000        0.0226094877
       -0.0029705172        0.0000000000        0.0031374787
        0.0002375196        0.0001959638        0.0000000000
        0.0027610913        0.0005206070        0.0000000000
       -0.0153333004       -0.0063995891        0.0000000000
        0.0000000000       -0.0033174822        0.0000000000
        0.0000000000        0.0068005181        0.0000000000
        0.0000000000       -0.0075908497        0.0074658510
       -0.0045178059        0.0000000000       -0.0185768916
       -0.2154181704        0.0000000000       -0.0225907183
        0.0112845150        0.0000000000        0.0338671671
        0.0007415821       -0.0086240965        0.0000000000
       -0.2179173011        0.1883400752        0.0000000000
        0.0099734461        0.0058701490        0.0000000000
        0.2085291614       -0.1856527734        0.0000000000
        0.0000000000        0.0000000000        0.0000000000
        0.0121280054       -0.0024438046       -0.0013841949
        0.0000000000        0.0000000000       -0.0098760544
        0.0000000000        0.0000000000        0.0000000000
       -0.0041713572        0.0005636307        0.0000000000
        0.0000000000        0.0000000000        0.0001304314
        0.0000000000        0.0000000000        0.0000000000
        0.0000000000       -0.0018387781       -0.0038519795
        0.0000000000        0.0000000000        0.0000000000
       -0.0060404534        0.0000000000        0.0000000000
        0.0000000000       -0.0029182155        0.0000000000
        0.0000000000       -0.0000111243        0.0018587151
        0.0046806434        0.0000000000        0.0000000000
        0.0074431954       -0.0000974775       -0.0059894854
        0.0000000000        0.1824820328        0.0053998338
       -0.0050197324        0.0000000000       -0.1217016123
        0.0330653393        0.0000000000        0.0000000000
       -0.0138125342        0.0000000000        0.0000000000
       -0.0769195742        0.0000000000        0.0000000000
        0.0000000000        0.0014857164       -0.0010141918
        0.0000000000        0.0000000000        0.0000000000
        0.0010492120        0.0000000000        0.0000000000
        0.0000000000        0.0047975141        0.0000000000
        0.0000000000       -0.0029706289       -0.0009443729
        0.0000000000       -0.0070413914       -0.0051624044
        0.0000000000        0.0000000000        0.0000000000
       -0.0023312134        0.0000000000        0.0000000000
        0.0101380823        0.0000000000        0.0000000000
        0.0000000000        0.0000000000        0.0005264611
        0.0018771593        0.0000000000        0.0000000000
        0.0000000000        0.0033432632        0.0000000000
        0.0000000000        0.0000000000        0.0048676466
        0.0000000000        0.0000000000       -0.0023772151
       -0.0000337346        0.0000000000        0.0093246308
       -0.0011100115        0.0000000000        0.0000000000
        0.0000000000       -0.0014516849        0.0000000000
        0.0000000000        0.0043847526        0.0000000000
        0.0000000000        0.0000000000       -0.0042125744
        0.0000000000        0.0000000000       -0.0028538307
        0.0000000000        0.0000000000       -0.0040245656
       -0.0044843915        0.0009008940        0.0000000000
        0.0000000000        0.0005299281        0.0011710933
        0.0050716999        0.0000000000       -0.0012349522
        0.0046464871        0.0062440394        0.0000000000
       -0.0012456504       -0.0044634941        0.0000000000
        0.0000000000        0.0006670961        0.0000000000
        0.0000000000       -0.0193189280        0.0023642928
        0.0018848046        0.0000000000        0.0002982988
       -0.0023865771        0.0000000000       -0.0019831587
        0.0014108532       -0.0040979527        0.0000000000
       -0.0047648967       -0.0051743011        0.0000000000
       -0.0088640850        0.0139825682        0.0000000000
        0.0000000000       -0.0007948082        0.0000000000
        0.0000000000        0.0097538483        0.0000000000
        0.0000000000       -0.0074480269        0.0000000000
        0.0000000000        0.0000000000       -0.0093789915
        0.0026221313        0.0000000000        0.0000000000
        0.0000000000        0.0035371165        0.0000000000
        0.0000000000        0.0000000000        0.0026671281
        0.0000000000        0.0000000000        0.0032008646
        0.0044176636        0.0000000000       -0.1753501597
        0.1212333171        0.0000000000        0.0000000000
        0.0000000000       -0.0011653008        0.0000000000
        0.0000000000        0.0011819313        0.0000000000
        0.0000000000        0.0000000000       -0.0016104720
        0.0000000000        0.0000000000       -0.0098950515
        0.0000000000        0.0000000000        0.0003975698
       -0.0007731625        0.0000000000        0.0000557363
       -0.0011657297        0.0000000000       -0.0028287936
        0.0094876438        0.0000000000        0.0000000000
        0.0000000000        0.0068913785        0.0000000000
        0.0000000000        0.1704134380        0.0000000000
        0.0000000000        0.0036537118        0.0000000000
        0.0000000000        0.0000000000        0.0000000000
        0.0035681991        0.0032450218        0.0000000000
        0.0000000000        0.0000000000        0.0022632389
        0.0000000000        0.0000000000        0.0000000000
        0.0017340345        0.0000000000        0.0000000000
       -0.0042246954        0.0005644760        0.0000000000
        0.1178746974       -0.0275364899        0.0000000000
        0.0000000000        0.0000000000       -0.0022026090
        0.0000000000        0.0000000000        0.0015293730
        0.0000000000        0.0000000000        0.0000000000
       -0.0027350684        0.0000000000        0.0000000000
        0.0035345222        0.0000000000        0.0000000000
       -0.0017787855       -0.0030437193        0.0000000000
        0.0007933954        0.0030581090        0.0000000000
        0.0081758185       -0.0038616186        0.0000000000
        0.0000000000        0.0000000000       -0.0036583192
        0.0000000000        0.0000000000       -0.1154353338
        0.0000000000        0.0000000000       -0.0072748410
        0.0000000000        0.0000000000        0.0000000000
       -0.0021578466        0.0000000000        0.0000000000
        0.0235917201        0.0000000000        0.0000000000
        0.0040014156        0.0000000000        0.0000000000
       -0.0092556436        0.0024148687       -0.0018040054
        0.0000000000        0.0000000000        0.0015377087
        0.0026871765        0.0026562013        0.0000000000
       -0.1816826331       -0.0055930618        0.0024528791
        0.0000000000        0.1264609981       -0.0277042584
        0.0000000000        0.0000000000        0.0061243424
        0.0000000000        0.0000000000        0.1125294919
        0.0011461681        0.0010562817        0.0000000000
        0.0056567533        0.0014825796        0.0000000000
       -0.0096496244        0.0011099878       -0.0003563787
        0.0000000000       -0.0093530853        0.0032009887
        0.0000000000        0.0057628890       -0.0054159988
        0.0000000000        0.0000000000        0.0000198837
        0.0000000000        0.0000000000        0.0068544827
        0.0000000000        0.0000000000        0.0009674424
        0.0054275126       -0.0058855688        0.0000000000
        0.1730127666       -0.1217363324        0.0000000000
        0.0033719475        0.0014459545        0.0000000000
       -0.1819251786        0.0015947083       -0.0004423801
        0.0000000000       -0.1193963723        0.0223349461
        0.0000000000       -0.0080315663        0.0028202337
        0.0000000000        0.1260935995       -0.0248952659
        0.0000000000        0.0000000000       -0.0079214235
        0.0000000000        0.0000000000       -0.1264427130
        0.0000000000        0.0000000000       -0.0077644672
        0.0000000000        0.0000000000        0.1429590803
       -0.0059396986        0.0077095096       -0.0122422504
       -0.0172747359        0.0000000000        0.0000000000
        0.0000000000        0.0012296064        0.0055608905
        0.0000000000       -0.0031258966       -0.0006109139
        0.0012891760        0.0000000000        0.0000000000
       -0.0004543995        0.0068698555       -0.0042881331
        0.0000000000       -0.0209211782        0.0023149408
        0.0023120400        0.0103472440        0.0000000000
        0.0000000000        0.0011626066        0.0037071534
       -0.0006275944        0.0000000000       -0.0201452326
       -0.0016984285       -0.0063209138        0.0000000000
        0.0018089541        0.0107467364        0.0000000000
        0.0000000000        0.0000000000       -0.0007289355
        0.0024072664        0.0000000000        0.0000000000
        0.0000000000       -0.0010665211        0.0000000000
        0.0000000000        0.0000000000       -0.0005992542
        0.0000000000        0.0000000000       -0.0015596462
       -0.0013995888        0.0000000000        0.0027967137
       -0.0067150729        0.0000000000        0.0194707602
       -0.0054236194        0.0156433853        0.0000000000
        0.0000000000        0.0009087659       -0.0077199646
        0.0088016005        0.0000000000        0.0230239394
       -0.0125266852        0.0040659641        0.0000000000
        0.0162230287        0.0147902796        0.0000000000
        0.0000000000        0.0052796981        0.0000000000
        0.0000000000        0.0008620189       -0.0184564019
        0.0013186297        0.0000000000       -0.0264183706
       -0.0150263805        0.0000000000       -0.0457703140
       -0.0034618445        0.0089105169       -0.0098983607
        0.0000000000        0.0000000000       -0.0012689626
       -0.0033363501       -0.0028930158        0.0000000000
        0.0116567262       -0.0006617305       -0.0060842440
        0.0000000000        0.0039663211        0.0122631056
        0.0000000000        0.0000000000       -0.0022459889
        0.0000000000        0.0000000000        0.0046380394
        0.0160819962       -0.0240651620        0.0000000000
       -0.0232775901       -0.0194230181        0.0000000000
        0.0922505836       -0.0098773625        0.0181417869
        0.0000000000       -0.0007046827       -0.0029092340
        0.0000000000        0.2783306537       -0.0732214329
        0.0000000000        0.0000000000        0.0000000000
       -0.0026342875       -0.0040538062        0.0000000000
        0.0000000000        0.0000000000        0.0060782884
        0.0000000000        0.0000000000        0.0000000000
       -0.0006823216        0.0000000000        0.0000000000
        0.0055679697       -0.0022680937        0.0000000000
       -0.0063629810        0.0039014921        0.0000000000
        0.0000000000        0.0000000000       -0.0117223792
        0.0000000000        0.0000000000       -0.0067896545
        0.0000000000        0.0000000000        0.0000000000
        0.0027527722        0.0000000000        0.0000000000
       -0.0004753832        0.0000000000        0.0000000000
       -0.0044956411        0.0110862684        0.0000000000
        0.0016373254       -0.0064035358        0.0000000000
       -0.0208763582        0.0195315578        0.0000000000
       -0.0001374762       -0.0002515764        0.0001342473
        0.0000000000        0.0000000000       -0.0002308617
       -0.0001179879        0.0006873263        0.0000000000
        0.0008243671        0.0005595357        0.0005389577
        0.0000000000        0.0007532789       -0.0009381331
        0.0000000000        0.0000000000        0.0000156638
        0.0000000000        0.0000000000       -0.0009925770
        0.0009163491       -0.0001055218        0.0000000000
       -0.0008296554       -0.0008157422        0.0000000000
       -0.0005479799        0.0002056577       -0.0002047855
        0.0000000000       -0.0002638663       -0.0008130602
        0.0000000000        0.0005300452        0.0019939302
        0.0000000000        0.0000000000        0.0001188180
        0.0000000000        0.0000000000        0.0010129781
        0.0000000000        0.0000000000        0.0001111868
       -0.0002383369       -0.0002516331        0.0000000000
        0.0002910453       -0.0004100262        0.0000000000
       -0.0002035401        0.0000257544        0.0000000000
       -0.0000375050        0.0005829465        0.0006037385
       -0.0001821745        0.0000000000        0.0000000000
       -0.0003994307       -0.0002204076        0.0005078305
        0.0000000000        0.0032582297       -0.0002787173
        0.0010831681        0.0000000000       -0.0002721441
       -0.0003876589        0.0000000000        0.0000000000
        0.0001594866        0.0000000000        0.0000000000
       -0.0009233165        0.0007824036       -0.0009691589
        0.0000000000       -0.0024511406       -0.0005735070
        0.0000000000        0.0010610529       -0.0003054639
       -0.0001143127        0.0000000000        0.0003526743
       -0.0018298254        0.0000000000        0.0019651642
        0.0007646594        0.0000000000        0.0000000000
        0.0000903833        0.0000000000        0.0000000000
        0.0008845083        0.0000000000        0.0000000000
       -0.0016627312       -0.0004794649       -0.0003700959
        0.0000000000       -0.0009834357        0.0008463671
        0.0000000000        0.0003875569       -0.0006900531
        0.0000000000        0.0007030663        0.0002889509
       -0.0004570180        0.0000000000       -0.0000228405
        0.0008246670        0.0000000000       -0.0000177225
        0.0010501746        0.0000000000       -0.0001654082
       -0.0013268885        0.0000000000        0.0000000000
        0.0000000000       -0.0000633731        0.0002722344
        0.0000000000        0.0000000000        0.0000000000
       -0.0005454026        0.0000000000        0.0000000000
        0.0000000000        0.0004145892        0.0000000000
        0.0000000000       -0.0001216339        0.0006574796
        0.0000000000        0.0000069957        0.0002308658
        0.0000000000        0.0000000000        0.0000000000
        0.0009615858        0.0000000000        0.0000000000
       -0.0013079934        0.0000000000        0.0000000000
        0.0000000000       -0.0008075674        0.0000000000
        0.0000000000       -0.0014371167        0.0000000000
        0.0000000000        0.0000916098       -0.0016989505
        0.0000000000       -0.0002901762        0.0001514701
        0.0000000000        0.0021493607        0.0027304847
        0.0000000000        0.0000000000        0.0000000000
        0.0001157973        0.0000000000        0.0000000000
        0.0005539257        0.0000000000        0.0000000000
       -0.0012782243        0.0000000000        0.0000000000
        0.0000000000        0.0000294901        0.0000000000
        0.0000000000        0.0002559588        0.0000000000
        0.0000000000        0.0000844126        0.0000000000
        0.0000000000       -0.0000052135       -0.0002417828
        0.0000000000        0.0003259368       -0.0006141835
        0.0000000000       -0.0005252444        0.0010342541
        0.0000000000        0.0001129518       -0.0002603692
        0.0000000000       -0.0102676888       -0.0014233999
       -0.0048245582        0.0000000000        0.0000000000
       -0.0014531112        0.0040939936       -0.0045898797
        0.0000000000       -0.0097969838        0.0059450553
       -0.0062893674        0.0000000000       -0.0005382283
       -0.0139626721        0.0000000000        0.0000000000
       -0.0034999052        0.0000000000        0.0000000000
       -0.0011065094        0.0057892572       -0.0045910890
        0.0000000000        0.0119440512        0.0121457792
        0.0000000000        0.0911930664       -0.0094894592
        0.0182524464        0.0000000000        0.0152210803
        0.0169314877        0.0000000000       -0.0855850349
       -0.2697425387        0.0000000000        0.0000000000
        0.0081595603        0.0000000000        0.0000000000
        0.0065716876        0.0000000000        0.0000000000
        0.0236234871       -0.0004225480       -0.0000785950
        0.0000000000       -0.0001677691       -0.0000870462
        0.0000000000        0.0006648263       -0.0004975909
        0.0000000000        0.0001883368       -0.0006654776
        0.0002276859        0.0000000000        0.0003967543
        0.0002780012        0.0000000000        0.0002201272
       -0.0013223214        0.0000000000        0.0003722774
       -0.0000829797        0.0000000000        0.0000000000
       -0.0004686073        0.0000000000        0.0000000000
        0.0008687058        0.0000000000        0.0000000000
       -0.0006725700        0.0000000000        0.0000000000
        0.0000915694        0.0008069860        0.0106829636
        0.0000000000       -0.0060732918       -0.0174655600
        0.0000000000       -0.1095912011        0.0803510047
        0.0000000000       -0.0002628460       -0.0003236812
        0.0000000000        0.1151203528        0.0223971482
        0.0073416889       -0.0120098365       -0.0164950366
        0.0000000000        0.0000000000        0.0000000000
        0.0021472178        0.0067576207        0.0000000000
       -0.0071530078       -0.0043105218       -0.0042474888
        0.0000000000        0.0000000000        0.0006990451
       -0.0004353665        0.0026032951        0.0000000000
       -0.0003671983       -0.0036801776        0.0005960980
       -0.0009277697        0.0000000000        0.0000000000
       -0.0001275716        0.0023468899       -0.0021182670
        0.0000000000        0.0036049436        0.0013681328
        0.0031482852        0.0000000000        0.0210497718
       -0.0370810315        0.0000000000        0.0000000000
        0.0000000000        0.0004075075        0.0006368772
        0.0000000000        0.0000000000        0.0000000000
       -0.0006533742        0.0000000000        0.0000000000
        0.0000000000        0.0013642920        0.0000000000
        0.0000000000        0.0000778345        0.0014209258
        0.0000000000       -0.0031419073        0.0100657110
        0.0000000000       -0.0075923492       -0.0032890342
       -0.0005000413        0.0000000000        0.0000000000
        0.0023609494        0.0071209603        0.0003360716
        0.0000000000       -0.0080167028        0.0004767084
        0.0002597603        0.0000000000       -0.0009760411
       -0.0056056136        0.0000000000        0.0000000000
       -0.0001184075        0.0000000000        0.0000000000
       -0.0020708031       -0.0008942781       -0.0027003024
        0.0000000000        0.0000444781       -0.0002642887
        0.0000000000        0.0805446552        0.0023637066
        0.0000128025        0.0022264068        0.0000000000
        0.0000000000       -0.0012433735       -0.0017839339
        0.0038077468        0.0000000000        0.0000703407
       -0.0045742944        0.0017829083        0.0000000000
        0.0005219385        0.0044580114        0.0000000000
        0.0000000000        0.0000775797        0.0000000000
        0.0000000000       -0.0033154142       -0.0018370619
       -0.0015958067        0.0000000000        0.0016888641
        0.0051190560        0.0000000000        0.2366980949
        0.0119682084       -0.0087901362        0.0000000000
       -0.0098287536       -0.0162974105        0.0000000000
       -0.0571996223        0.1477100439        0.0000000000
        0.0000000000        0.0000000000        0.0023900050
        0.0008224681        0.0000000000        0.0000000000
        0.0000000000       -0.0002125084        0.0000000000
        0.0000000000        0.0000000000       -0.0015168302
        0.0000000000        0.0000000000       -0.0014372632
       -0.0023777551        0.0000000000       -0.0011902825
       -0.0007146926        0.0000000000        0.0000000000
        0.0000000000       -0.0040871494        0.0000000000
        0.0000000000        0.0044352345        0.0000000000
        0.0000000000        0.0000000000        0.0002641353
        0.0000000000        0.0000000000        0.0016168654
        0.0000000000        0.0000000000       -0.0067355194
       -0.0007364429        0.0000000000        0.0096488683
       -0.0038830341        0.0000000000        0.0196426879
        0.2390933754        0.0000000000       -0.0005062389
       -0.0001580879       -0.0002506603        0.0000000000
        0.0000000000       -0.0001521087        0.0000068957
       -0.0003524486        0.0000000000       -0.0006991423
        0.0005297430        0.0002876630        0.0000000000
       -0.0001002556       -0.0005110217        0.0000000000
        0.0000000000        0.0000857839        0.0000000000
        0.0000000000        0.0007349371        0.0002797622
        0.0003282935        0.0000000000        0.0001471628
       -0.0003766601        0.0000000000       -0.0000909694
       -0.0006767508       -0.0001798732        0.0000000000
        0.0007460260        0.0003731022        0.0000000000
        0.0002577407       -0.0021640531        0.0000000000
        0.0000000000        0.0000166806        0.0000000000
        0.0000000000        0.0002348348        0.0000000000
        0.0000000000       -0.0000044776        0.0002537332
        0.0002805665        0.0000000000        0.0007383869
       -0.0004186958        0.0000000000       -0.0003396174
       -0.0000409845        0.0000000000       -0.0005853412
       -0.0002542028       -0.0005063476        0.0004895446
        0.0000000000        0.0000000000        0.0001386162
        0.0004695075        0.0005915219        0.0000000000
        0.0003738795        0.0001339709       -0.0004028257
        0.0000000000       -0.0014992336        0.0006597132
        0.0000000000        0.0000000000        0.0000008031
        0.0000000000        0.0000000000        0.0007327189
        0.0001985068        0.0002876672        0.0000000000
        0.0000071484        0.0002941562        0.0000000000
        0.0000371208        0.0005618292       -0.0004224188
        0.0000000000       -0.0005265102        0.0008694407
        0.0000000000       -0.0001310649       -0.0005632444
        0.0000000000        0.0000000000       -0.0001023511
        0.0000000000        0.0000000000        0.0002631269
        0.0000000000        0.0000000000       -0.0003710450
       -0.0001053033       -0.0000431786        0.0000000000
       -0.0002850152        0.0007614573        0.0000000000
        0.0001619998       -0.0000335583        0.0000000000
       -0.0001508715       -0.0001883242        0.0001100282
        0.0000000000        0.0007853180       -0.0005750249
        0.0000000000       -0.0006283587       -0.0001871307
        0.0000000000        0.0001222999        0.0000666457
        0.0000000000        0.0000000000        0.0000000000
        0.0001879225        0.0001139933        0.0000000000
        0.0000000000        0.0000000000       -0.0001296795
        0.0000000000        0.0000000000        0.0000000000
        0.0001685140        0.0000000000        0.0000000000
       -0.0006566384       -0.0001916525        0.0000000000
        0.0004917696        0.0006008944        0.0000000000
        0.0000000000        0.0000000000       -0.0001290285
        0.0000000000        0.0000000000        0.0001926518
        0.0000000000        0.0000000000        0.0000000000
        0.0002028370        0.0000000000        0.0000000000
        0.0004630546        0.0000000000        0.0000000000
        0.0002058366       -0.0000032613        0.0000000000
        0.0001454519        0.0003356467        0.0000000000
        0.0011900390       -0.0008486958        0.0000000000
        0.0000000000        0.0000000000       -0.0000204682
        0.0000000000        0.0000000000       -0.0003205954
        0.0000000000        0.0000000000       -0.0002739106
        0.0000000000        0.0000000000        0.0000000000
       -0.0000861414        0.0000000000        0.0000000000
       -0.0001542284        0.0000000000        0.0000000000
       -0.0001541867        0.0000000000        0.0000000000
        0.0004734970        0.0001498851        0.0000000000
       -0.0003677417       -0.0002845555        0.0000000000
       -0.0002701839       -0.0002488449        0.0000000000
        0.0000823472        0.0001824662        0.0000000000
       -0.0071455524        0.0004159550        0.0170080270
        0.0000000000        0.0000000000       -0.0050551037
        0.0004605183        0.0017236037        0.0000000000
        0.0095184098        0.0003268363        0.0009747457
        0.0000000000       -0.0048755369       -0.0163012694
        0.0000000000        0.0000000000        0.0002784902
        0.0000000000        0.0000000000        0.0043999387
        0.0010859048        0.0053249715        0.0000000000
        0.0007041016        0.0011402815        0.0000000000
       -0.0796038857        0.0019340400       -0.0020448695
        0.0000000000       -0.0007212969       -0.0014398022
        0.0000000000       -0.2368076378        0.0572242205
        0.0000000000        0.0000000000        0.0018929723
        0.0000000000        0.0000000000       -0.0020425235
        0.0000000000        0.0000000000       -0.0225515592
       -0.0000341522       -0.0000983235        0.0000000000
       -0.0001933031        0.0003658685        0.0000000000
        0.0000036619       -0.0002860313        0.0000000000
       -0.0000671614       -0.0003085082       -0.0003296629
        0.0000000000       -0.0005655202        0.0003096491
        0.0000000000       -0.0004047758        0.0001293041
        0.0000000000        0.0003791902       -0.0000909350
        0.0000000000        0.0000000000        0.0000912536
        0.0000000000        0.0000000000        0.0002928125
        0.0000000000        0.0000000000       -0.0012674170
        0.0000000000        0.0000000000        0.0000820815
        0.0056332815       -0.0073662067        0.0000000000
       -0.0104897266        0.0030425506        0.0000000000
        0.0778102175        0.2358809260        0.0000000000
        0.0002909548        0.0008996140        0.0000000000
       -0.0732447271       -0.0057710151        0.0119072836
        0.0147068550        0.0000000000        0.0000000000
       -0.0055252917        0.0032780584        0.0019664870
        0.0000000000       -0.0066524588        0.0024760927
       -0.0036005982        0.0000000000       -0.0179542098
        0.0288150217        0.0000000000        0.0000000000
       -0.0020795520        0.0000000000        0.0000000000
       -0.0089039415        0.0044508808        0.0015484205
        0.0000000000       -0.0010560431       -0.0000673590
        0.0000000000       -0.2337706246       -0.0079685457
        0.0052032399        0.0000000000        0.0060255784
        0.0091870501        0.0000000000        0.0538074379
       -0.1220592528        0.0000000000        0.0000000000
        0.0005325779        0.0000000000        0.0000000000
        0.0012124555        0.0000000000        0.0000000000
       -0.2341028533        0.0004103991        0.0001860491
        0.0000000000       -0.0000083066       -0.0009112008
        0.0000000000       -0.0003713739        0.0020043823
        0.0000000000        0.0003299853       -0.0000011284
        0.0002256717        0.0000000000        0.0006489038
       -0.0005513033        0.0000000000        0.0001776002
        0.0003033531        0.0000000000       -0.0008070203
        0.0005854816        0.0000000000        0.0000000000
       -0.0003992029        0.0000000000        0.0000000000
       -0.0007180681        0.0000000000        0.0000000000
        0.0006704971        0.0000000000        0.0000000000
        0.0002010491       -0.0023683232       -0.0156082402
        0.0000000000        0.0044387502        0.0164566768
        0.0000000000        0.2307471607       -0.0538688529
        0.0000000000       -0.0003607038       -0.0000183554
        0.0000000000       -0.2324568839       -0.0064137021
       -0.0165351684        0.0000000000        0.0093132405
       -0.0338501703        0.0000000000       -0.0554660996
        0.1073656097        0.0000000000       -0.0004722104
       -0.0005632032        0.0000000000        0.0530387716
       -0.0564170678        0.0000000000        0.0000000000
        0.0000000000        0.0000000000        0.0005413323
        0.0053181421        0.0102024782        0.0000000000
        0.0000000000       -0.0098760544        0.0000000000
        0.0000000000        0.0000000000        0.0015303823
        0.0004965393        0.0000000000        0.0000000000
        0.0000000000       -0.0049723069        0.0000000000
        0.0000000000        0.0000000000        0.0000000000
       -0.0010441136        0.0018324934        0.0000000000
        0.0000000000        0.0000000000        0.0003175915
        0.0000000000        0.0000000000        0.0000000000
       -0.0015714808        0.0000000000        0.0000000000
       -0.0047719270       -0.0039837319        0.0016482553
        0.0000000000        0.0000000000        0.0005299281
       -0.0005723187        0.0033780979        0.0000000000
        0.0008396312        0.0038520493       -0.0011613412
        0.0000000000       -0.0107550803        0.0111597783
        0.0000000000        0.0000000000       -0.0007948082
        0.0000000000        0.0000000000       -0.0074480269
        0.0000000000        0.0000000000        0.0000000000
       -0.0045405308       -0.0015914677        0.0000000000
        0.0000000000        0.0000000000        0.0074490999
        0.0000000000        0.0000000000        0.0000000000
        0.0005102102        0.0000000000        0.0000000000
        0.0091662813       -0.0007095130        0.0000000000
       -0.0067859130        0.0023591573        0.0000000000
        0.0000000000        0.0000000000       -0.0075600108
        0.0000000000        0.0000000000       -0.0046153864
        0.0000000000        0.0000000000        0.0000000000
        0.0000000000        0.0008109410       -0.0034828061
        0.0000000000        0.0000000000        0.0000000000
       -0.0009440406        0.0000000000        0.0000000000
        0.0000000000       -0.0015322413        0.0000000000
        0.0000000000       -0.0002843003       -0.0017511486
        0.0000000000       -0.0000191623        0.0019099107
        0.0000000000        0.0000000000        0.0000000000
       -0.0008886032        0.0000000000        0.0000000000
        0.0010189125        0.0000000000        0.0000000000
        0.0000000000        0.0047722269        0.0000000000
        0.0000000000       -0.0010830598        0.0000000000
        0.0000000000        0.0049462431       -0.0014622401
       -0.0002767241        0.0000000000        0.0000000000
        0.0074431956       -0.0024793482       -0.0027063255
        0.0000000000        0.0052255043       -0.0012734833
       -0.0005250152        0.0000000000        0.0076757032
        0.0020587473        0.0000000000        0.0000000000
        0.0006670961        0.0000000000        0.0000000000
        0.0097538483       -0.0037676694        0.0078585063
        0.0000000000       -0.0010227219       -0.0091943288
        0.0000000000       -0.0331997110       -0.0035308128
       -0.0013495402        0.0000000000        0.0052927063
       -0.0071286810        0.0000000000        0.0227842269
        0.2487470826        0.0000000000        0.0000000000
       -0.0138125347        0.0000000000        0.0000000000
       -0.0193189280        0.0000000000        0.0000000000
       -0.0769195729        0.0000000000        0.0000000000
        0.0000000000        0.0002718263       -0.0000366286
        0.0000000000        0.0000000000        0.0000000000
        0.0000047899        0.0000000000        0.0000000000
        0.0000000000        0.0005119319        0.0000000000
        0.0000000000       -0.0006642814        0.0007122104
        0.0000000000        0.0018928078        0.0013619045
        0.0000000000        0.0000000000        0.0000000000
        0.0000791123        0.0000000000        0.0000000000
        0.0002790873        0.0000000000        0.0000000000
        0.0000000000       -0.0005480439        0.0000000000
        0.0000000000       -0.0002358994        0.0000000000
        0.0000000000       -0.0001695746       -0.0006245228
        0.0000000000       -0.0006609775       -0.0002407861
        0.0000000000        0.0007510712       -0.0000066888
        0.0000000000        0.0000000000        0.0000000000
       -0.0003363112        0.0000000000        0.0000000000
       -0.0009176232        0.0000000000        0.0000000000
        0.0000442395        0.0000000000        0.0000000000
        0.0000000000        0.0000000000        0.0000476833
       -0.0002212061        0.0000000000        0.0000000000
        0.0000000000       -0.0001666070        0.0000000000
        0.0000000000        0.0000000000        0.0011596328
        0.0000000000        0.0000000000       -0.0011925768
        0.0007526299        0.0000000000        0.0029023502
       -0.0005921430        0.0000000000        0.0000000000
        0.0000000000       -0.0000037752        0.0000000000
        0.0000000000       -0.0002298812        0.0000000000
        0.0000000000        0.0000000000       -0.0004560010
        0.0000000000        0.0000000000       -0.0002336168
        0.0000000000        0.0000000000        0.0006895952
       -0.0001437117        0.0000000000       -0.0018705546
       -0.0001839613        0.0000000000       -0.0002675926
       -0.0001431811        0.0000000000        0.0000000000
        0.0000000000        0.0000026281        0.0000000000
        0.0000000000       -0.0011032551        0.0000000000
        0.0000000000        0.0008451249        0.0000000000
        0.0000000000        0.0000000000       -0.0005314990
        0.0000000000        0.0000000000        0.0009155503
        0.0000000000        0.0000000000        0.0001063982
        0.0000000000        0.0000000000        0.0011633281
        0.0026546122       -0.0023933371        0.0000000000
        0.0000000000        0.0003652220        0.0004105649
       -0.0023020464        0.0000000000        0.0003051211
       -0.0026144811        0.0001747935        0.0000000000
        0.0025267180        0.0020206287        0.0000000000
        0.0000000000       -0.0004220997        0.0000000000
        0.0000000000       -0.0024784556       -0.0020255483
       -0.0009825216        0.0000000000        0.0000371273
        0.0012688878        0.0000000000        0.0038259142
       -0.0006700869        0.0026109067        0.0000000000
        0.0014500881       -0.0017843227        0.0000000000
        0.0001681283       -0.0015001644        0.0000000000
        0.0000000000       -0.0004220997        0.0000000000
        0.0000000000        0.0020435010        0.0000000000
        0.0000000000       -0.0024784556        0.0003530445
       -0.0003810637        0.0000000000       -0.0012554597
       -0.0009983830        0.0000000000       -0.0005597845
        0.0005719252        0.0000000000        0.0009666502
        0.0008405735       -0.0003233984        0.0000000000
       -0.0015349594        0.0004094002        0.0000000000
        0.0005289838        0.0002419311        0.0000000000
        0.0002748945       -0.0005400233        0.0000000000
        0.0000000000        0.0002394887        0.0000000000
        0.0000000000        0.0009343959        0.0000000000
        0.0000000000       -0.0000773416        0.0000000000
        0.0000000000       -0.0008304766        0.0000000000
        0.0000000000        0.0000000000        0.0021969897
       -0.0041865850        0.0000000000        0.0000000000
        0.0000000000       -0.0040119652        0.0000000000
        0.0000000000        0.0000000000       -0.0002956201
        0.0000000000        0.0000000000       -0.0031577542
        0.0006029366        0.0000000000        0.0046257926
        0.0031819691        0.0000000000        0.0000000000
        0.0000000000        0.0045723294        0.0000000000
        0.0000000000        0.0019559308        0.0000000000
        0.0000000000        0.0000000000        0.0015697467
        0.0000000000        0.0000000000       -0.0004795506
        0.0000000000        0.0000000000        0.0014703492
       -0.0030654180        0.0000000000       -0.0010624567
        0.0030328951        0.0000000000        0.0372390311
       -0.0245394315        0.0000000000        0.0000000000
        0.0000000000       -0.0000194173        0.0000000000
        0.0000000000       -0.0005899906        0.0000000000
        0.0000000000        0.0000352414        0.0000000000
        0.0000000000        0.0000000000        0.0001200708
        0.0000000000        0.0000000000       -0.0003766372
        0.0000000000        0.0000000000        0.0006034270
        0.0000000000        0.0000000000        0.0000986108
        0.0010110194        0.0000000000        0.0005026463
       -0.0001827417        0.0000000000       -0.0012777087
       -0.0015200547        0.0000000000        0.0004955495
       -0.0001094924        0.0000000000        0.0000000000
        0.0000000000       -0.0027379366        0.0000000000
        0.0000000000       -0.0028339787        0.0000000000
        0.0000000000       -0.0376821650        0.0000000000
        0.0000000000        0.0001809021        0.0000000000
        0.0000000000        0.0000000000        0.0000000000
       -0.0051326528       -0.0083309593        0.0000000000
        0.0000000000        0.0000000000        0.0002965169
        0.0000000000        0.0000000000        0.0000000000
        0.0001115959        0.0000000000        0.0000000000
        0.0016085596        0.0005116046        0.0000000000
        0.0044937944       -0.0113162048        0.0000000000
        0.0000000000        0.0000000000        0.0019736359
        0.0000000000        0.0000000000       -0.0024386757
        0.0000000000        0.0000000000        0.0000000000
        0.0006988215        0.0000000000        0.0000000000
        0.0011579145        0.0000000000        0.0000000000
        0.0055769410        0.0022949913        0.0000000000
       -0.0083915293        0.0057789102        0.0000000000
       -0.0211808119       -0.2401256803        0.0000000000
        0.0000000000        0.0000000000        0.0000701124
        0.0000000000        0.0000000000       -0.0007349604
        0.0000000000        0.0000000000        0.0000268728
        0.0000000000        0.0000000000        0.0000000000
        0.0000490732        0.0000000000        0.0000000000
       -0.0008424204        0.0000000000        0.0000000000
        0.0003644560        0.0000000000        0.0000000000
       -0.0002106177       -0.0000689647        0.0000000000
       -0.0001398003       -0.0008204996        0.0000000000
       -0.0009834784        0.0004316492        0.0000000000
        0.0005326270        0.0002120903        0.0000000000
        0.0000000000        0.0000000000        0.0027923876
        0.0000000000        0.0000000000       -0.0029287179
        0.0000000000        0.0000000000        0.0239685274
        0.0000000000        0.0000000000        0.0008012694
        0.0000000000        0.0000000000        0.0000000000
        0.0074714687        0.0000000000        0.0000000000
        0.0104891061        0.0000000000        0.0000000000
        0.2316873228        0.0000000000        0.0000000000
        0.0002457248        0.0000000000        0.0000000000
       -0.0018789766       -0.0025267824       -0.0091806723
        0.0000000000        0.0000000000        0.0015377086
        0.0011107197        0.0011337347        0.0000000000
       -0.0013979498        0.0010800286       -0.0003209304
        0.0000000000        0.0002350677       -0.0136676734
        0.0000000000        0.0000000000        0.0000198836
        0.0000000000        0.0000000000        0.0009674424
        0.0011674672       -0.0045750041        0.0000000000
        0.0003224077        0.0050560734        0.0000000000
        0.0415491941        0.0036742589        0.0039725882
        0.0000000000       -0.0057795915        0.0085353343
        0.0000000000       -0.0230826645       -0.2509360853
        0.0000000000        0.0000000000        0.0061243427
        0.0000000000        0.0000000000        0.0068544827
        0.0000000000        0.0000000000        0.1125294912
        0.0002089852        0.0003300046        0.0000000000
        0.0000188394       -0.0006346673        0.0000000000
       -0.0005494864        0.0002187069        0.0000000000
        0.0002430447       -0.0003852752       -0.0000643136
        0.0000000000        0.0006697707       -0.0007929288
        0.0000000000       -0.0000277349        0.0005908677
        0.0000000000       -0.0000193923        0.0000495737
        0.0000000000        0.0000000000        0.0002394887
        0.0000000000        0.0000000000       -0.0000773416
        0.0000000000        0.0000000000        0.0009343959
        0.0000000000        0.0000000000       -0.0002660665
       -0.0006081955        0.0056380471        0.0000000000
       -0.0000540171       -0.0057365024        0.0000000000
       -0.0424895826        0.0249692901        0.0000000000
        0.0000786171       -0.0002373683        0.0000000000
        0.0430731782       -0.0018422300        0.0055933281
        0.0000000000        0.0037410183        0.0062461983
        0.0000000000        0.0226293301        0.2378372951
        0.0000000000        0.0001053481        0.0002168009
        0.0000000000       -0.0246334665       -0.2498936224
        0.0000000000        0.0000000000       -0.0079214237
        0.0000000000        0.0000000000       -0.0077644672
        0.0000000000        0.0000000000       -0.1264427125
        0.0000000000        0.0000000000       -0.0008304766
        0.0000000000        0.0000000000        0.1429590801
